 Iter  Func-count            Fval   Feasibility   Step Length       Norm of   First-order  
                                                                       step    optimality
    0         121    2.023741e+03     0.000e+00     1.000e+00     0.000e+00     1.324e+04  
    1         242    1.160702e+03     2.776e-16     1.000e+00     9.167e+00     1.324e+04  
    2         366    9.672539e+02     4.857e-16     3.430e-01     6.140e+00     1.345e+04  
    3         492    8.851064e+02     6.106e-16     1.681e-01     1.158e+01     1.819e+04  
    4         618    6.066739e+02     5.690e-16     1.681e-01     6.669e+00     2.270e+03  
    5         741    4.696784e+02     7.494e-16     4.900e-01     8.008e+00     7.795e+03  
    6         864    4.181647e+02     1.249e-15     4.900e-01     7.341e+00     6.033e+03  
    7         991    4.039826e+02     1.166e-15     1.176e-01     1.441e+00     6.299e+03  
    8        1117    3.900558e+02     9.853e-16     1.681e-01     4.140e+00     6.174e+03  
    9        1244    3.884117e+02     1.221e-15     1.176e-01     6.375e+00     4.413e+03  
   10        1371    3.684559e+02     1.263e-15     1.176e-01     1.099e+01     8.727e+03  
   11        1495    3.291929e+02     1.082e-15     3.430e-01     1.130e+01     9.693e+03  
   12        1621    3.015861e+02     1.082e-15     1.681e-01     5.468e+00     1.452e+04  
   13        1746    2.343341e+02     1.332e-15     2.401e-01     9.532e+00     1.099e+04  
   14        1870    1.855356e+02     1.540e-15     3.430e-01     1.045e+01     8.699e+03  
   15        1993    1.468427e+02     1.180e-15     4.900e-01     1.327e+01     4.935e+03  
   16        2119    1.225156e+02     1.138e-15     1.681e-01     5.657e+00     3.509e+03  
   17        2244    1.045976e+02     1.124e-15     2.401e-01     5.231e+00     3.528e+03  
   18        2369    8.966969e+01     1.124e-15     2.401e-01     8.038e+00     7.255e+03  
   19        2495    8.448007e+01     1.180e-15     1.681e-01     4.343e+00     6.619e+03  
   20        2620    8.155528e+01     1.082e-15     2.401e-01     3.411e+00     6.142e+03  
   21        2746    7.467928e+01     1.041e-15     1.681e-01     3.518e+00     2.721e+03  
   22        2870    7.051331e+01     9.576e-16     3.430e-01     3.351e+00     4.557e+03  
   23        2997    6.998562e+01     8.882e-16     1.176e-01     2.942e+00     3.258e+03  
   24        3123    6.476443e+01     9.992e-16     1.681e-01     3.797e+00     5.219e+03  
   25        3251    6.471325e+01     9.853e-16     8.235e-02     1.416e+00     3.418e+03  
   26        3377    6.073651e+01     1.013e-15     1.681e-01     2.373e+00     2.092e+03  
   27        3501    5.840419e+01     9.437e-16     3.430e-01     4.565e+00     1.182e+03  
   28        3625    5.736120e+01     8.743e-16     3.430e-01     3.016e+00     3.103e+03  
   29        3752    5.622615e+01     8.882e-16     1.176e-01     2.010e+00     4.383e+03  
 Iter  Func-count            Fval   Feasibility   Step Length       Norm of   First-order  
                                                                       step    optimality
   30        3878    5.492056e+01     9.159e-16     1.681e-01     1.279e+00     2.327e+03  
   31        4005    5.372428e+01     8.743e-16     1.176e-01     2.143e+00     7.451e+02  
   32        4128    5.268149e+01     1.110e-15     4.900e-01     1.759e+00     1.270e+03  
   33        4251    5.134895e+01     9.714e-16     4.900e-01     3.059e+00     1.529e+03  
   34        4377    5.077808e+01     9.021e-16     1.681e-01     1.307e+00     1.624e+03  
   35        4504    5.001430e+01     8.882e-16     1.176e-01     2.252e+00     1.458e+03  
   36        4629    4.937232e+01     9.298e-16     2.401e-01     1.007e+00     7.885e+02  
   37        4752    4.872963e+01     8.465e-16     4.900e-01     1.348e+00     5.456e+02  
   38        4876    4.848969e+01     7.078e-16     3.430e-01     1.903e+00     7.000e+02  
   39        5002    4.841471e+01     6.106e-16     1.681e-01     1.443e+00     1.040e+03  
   40        5128    4.831695e+01     5.967e-16     1.681e-01     9.047e-01     6.674e+02  
   41        5252    4.816137e+01     5.690e-16     3.430e-01     1.442e+00     3.837e+02  
   42        5376    4.783020e+01     6.939e-16     3.430e-01     1.703e+00     1.028e+03  
   43        5499    4.757083e+01     8.327e-16     4.900e-01     1.779e+00     6.579e+02  
   44        5623    4.744280e+01     7.216e-16     3.430e-01     1.260e+00     9.958e+02  
   45        5750    4.729341e+01     7.078e-16     1.176e-01     1.087e+00     5.377e+02  
   46        5874    4.728303e+01     6.384e-16     3.430e-01     2.571e+00     1.279e+03  
   47        5998    4.681088e+01     6.106e-16     3.430e-01     1.704e+00     6.267e+02  
   48        6122    4.581091e+01     6.106e-16     3.430e-01     1.635e+00     5.377e+02  
   49        6245    4.580324e+01     6.384e-16     4.900e-01     2.168e+00     1.830e+03  
   50        6369    4.507277e+01     7.355e-16     3.430e-01     2.406e+00     8.022e+02  
   51        6494    4.356061e+01     6.661e-16     2.401e-01     1.744e+00     2.646e+03  
   52        6616    4.122302e+01     5.829e-16     7.000e-01     3.848e+00     4.651e+03  
   53        6741    3.698632e+01     5.690e-16     2.401e-01     4.422e+00     1.173e+03  
   54        6863    3.321895e+01     4.718e-16     7.000e-01     7.514e+00     3.561e+03  
   55        6985    2.520748e+01     6.384e-16     7.000e-01     6.392e+00     3.339e+03  
   56        7109    1.950859e+01     6.661e-16     3.430e-01     3.458e+00     3.792e+03  
   57        7232    1.737525e+01     5.412e-16     4.900e-01     3.188e+00     5.732e+03  
   58        7357    1.482517e+01     5.829e-16     2.401e-01     1.808e+00     1.601e+03  
   59        7481    1.188405e+01     6.661e-16     3.430e-01     2.168e+00     1.690e+03  
 Iter  Func-count            Fval   Feasibility   Step Length       Norm of   First-order  
                                                                       step    optimality
   60        7605    1.139397e+01     5.135e-16     3.430e-01     2.363e+00     2.156e+03  
   61        7733    1.109833e+01     5.135e-16     8.235e-02     6.793e-01     1.985e+03  
   62        7858    1.072494e+01     6.939e-16     2.401e-01     2.293e+00     1.338e+03  
   63        7983    1.027052e+01     6.245e-16     2.401e-01     1.617e+00     1.264e+03  
   64        8107    9.788202e+00     5.690e-16     3.430e-01     1.914e+00     2.296e+03  
   65        8233    9.540101e+00     5.551e-16     1.681e-01     1.392e+00     6.909e+02  
   66        8358    9.085905e+00     5.412e-16     2.401e-01     1.441e+00     1.058e+03  
   67        8484    8.726013e+00     6.106e-16     1.681e-01     9.140e-01     5.652e+02  
   68        8608    8.683580e+00     5.829e-16     3.430e-01     1.334e+00     1.017e+03  
   69        8732    8.584012e+00     5.412e-16     3.430e-01     2.194e+00     3.496e+02  
   70        8859    8.308258e+00     5.690e-16     1.176e-01     9.636e-01     1.128e+03  
   71        8984    7.958577e+00     5.829e-16     2.401e-01     1.159e+00     1.390e+03  
   72        9108    7.873551e+00     5.412e-16     3.430e-01     1.394e+00     7.230e+02  
   73        9234    7.775695e+00     5.274e-16     1.681e-01     7.728e-01     6.345e+02  
   74        9359    7.651365e+00     6.245e-16     2.401e-01     9.004e-01     6.848e+02  
   75        9483    7.613045e+00     6.384e-16     3.430e-01     1.305e+00     1.615e+02  
   76        9609    7.533410e+00     6.661e-16     1.681e-01     8.167e-01     6.831e+02  
   77        9733    7.388477e+00     5.967e-16     3.430e-01     1.190e+00     1.124e+03  
   78        9858    7.313498e+00     5.551e-16     2.401e-01     1.086e+00     3.948e+02  
   79        9981    7.172637e+00     5.551e-16     4.900e-01     8.488e-01     1.784e+02  
   80       10107    7.094087e+00     5.135e-16     1.681e-01     5.749e-01     1.327e+02  
   81       10232    7.065796e+00     4.580e-16     2.401e-01     7.452e-01     2.153e+02  
   82       10354    6.902544e+00     5.829e-16     7.000e-01     8.339e-01     2.068e+02  
   83       10478    6.882911e+00     6.939e-16     3.430e-01     4.661e-01     4.747e+02  
   84       10602    6.797322e+00     5.967e-16     3.430e-01     7.315e-01     4.714e+02  
   85       10723    6.592778e+00     4.441e-16     1.000e+00     7.635e-01     1.494e+02  
   86       10846    6.565517e+00     4.441e-16     4.900e-01     7.555e-01     1.200e+02  
   87       10970    6.522310e+00     3.747e-16     3.430e-01     5.420e-01     1.998e+02  
   88       11092    6.438020e+00     4.025e-16     7.000e-01     1.064e+00     1.742e+02  
   89       11214    6.421096e+00     5.829e-16     7.000e-01     1.223e+00     3.476e+02  
 Iter  Func-count            Fval   Feasibility   Step Length       Norm of   First-order  
                                                                       step    optimality
   90       11335    6.121812e+00     6.800e-16     1.000e+00     8.669e-01     1.579e+02  
   91       11459    6.103506e+00     5.690e-16     3.430e-01     3.036e-01     1.686e+02  
   92       11581    6.073758e+00     5.829e-16     7.000e-01     1.193e+00     3.349e+02  
   93       11702    5.927750e+00     6.523e-16     1.000e+00     7.171e-01     1.511e+02  
   94       11825    5.920486e+00     6.523e-16     4.900e-01     6.582e-01     3.044e+02  
   95       11947    5.904898e+00     5.135e-16     7.000e-01     5.704e-01     1.843e+02  
   96       12068    5.889918e+00     4.441e-16     1.000e+00     1.348e+00     4.545e+02  
   97       12189    5.654127e+00     6.384e-16     1.000e+00     4.334e-01     8.714e+01  
   98       12310    5.639842e+00     8.882e-16     1.000e+00     6.236e-01     2.226e+02  
   99       12431    5.633724e+00     6.661e-16     1.000e+00     9.546e-01     2.806e+02  
  100       12552    5.577154e+00     4.441e-16     1.000e+00     1.132e+00     3.353e+02  
  101       12673    5.496764e+00     4.580e-16     1.000e+00     6.911e-01     3.158e+02  
  102       12794    5.452184e+00     8.743e-16     1.000e+00     4.839e-01     2.564e+02  
  103       12915    5.380379e+00     6.661e-16     1.000e+00     7.255e-01     1.025e+02  
  104       13036    5.345019e+00     8.882e-16     1.000e+00     5.318e-01     1.059e+02  
  105       13157    5.292544e+00     8.882e-16     1.000e+00     5.373e-01     1.788e+02  
  106       13278    5.178213e+00     1.110e-15     1.000e+00     2.255e+00     8.853e+01  
  107       13399    5.148747e+00     6.661e-16     1.000e+00     4.188e-01     1.362e+02  
  108       13520    5.134459e+00     4.441e-16     1.000e+00     4.898e-01     1.022e+02  
  109       13641    5.098074e+00     6.661e-16     1.000e+00     2.989e-01     3.683e+01  
  110       13762    5.072335e+00     8.882e-16     1.000e+00     4.017e-01     3.564e+01  
  111       13883    5.046545e+00     1.096e-15     1.000e+00     5.867e-01     7.183e+01  
  112       14004    5.016975e+00     6.661e-16     1.000e+00     8.397e-01     1.257e+02  
  113       14125    4.998876e+00     1.110e-15     1.000e+00     8.898e-01     2.127e+02  
  114       14246    4.974809e+00     6.661e-16     1.000e+00     1.347e+00     1.062e+02  
  115       14367    4.936241e+00     6.800e-16     1.000e+00     3.223e-01     5.241e+01  
  116       14488    4.905717e+00     4.580e-16     1.000e+00     4.711e-01     2.140e+02  
  117       14609    4.861907e+00     9.021e-16     1.000e+00     1.088e+00     8.376e+01  
  118       14730    4.826401e+00     8.743e-16     1.000e+00     1.197e+00     1.215e+02  
  119       14851    4.798495e+00     4.441e-16     1.000e+00     6.672e-01     8.935e+01  
 Iter  Func-count            Fval   Feasibility   Step Length       Norm of   First-order  
                                                                       step    optimality
  120       14972    4.767865e+00     6.661e-16     1.000e+00     6.421e-01     1.204e+02  
  121       15093    4.740040e+00     6.661e-16     1.000e+00     4.210e-01     1.197e+02  
  122       15214    4.708776e+00     4.441e-16     1.000e+00     8.732e-01     2.433e+02  
  123       15335    4.675686e+00     1.110e-15     1.000e+00     5.072e-01     9.881e+01  
  124       15456    4.652096e+00     8.743e-16     1.000e+00     2.913e-01     9.558e+01  
  125       15577    4.637674e+00     1.110e-15     1.000e+00     3.307e-01     4.302e+01  
  126       15698    4.625739e+00     6.661e-16     1.000e+00     3.189e-01     3.235e+01  
  127       15819    4.608771e+00     8.882e-16     1.000e+00     3.689e-01     5.706e+01  
  128       15940    4.592444e+00     1.096e-15     1.000e+00     6.153e-01     6.521e+01  
  129       16061    4.575896e+00     6.661e-16     1.000e+00     3.911e-01     4.824e+01  
  130       16182    4.566580e+00     8.882e-16     1.000e+00     2.658e-01     3.684e+01  
  131       16303    4.562603e+00     8.882e-16     1.000e+00     3.021e-01     7.020e+01  
  132       16424    4.555286e+00     6.661e-16     1.000e+00     1.699e-01     4.798e+01  
  133       16545    4.550699e+00     8.882e-16     1.000e+00     1.453e-01     2.714e+01  
  134       16666    4.545220e+00     6.661e-16     1.000e+00     1.969e-01     3.090e+01  
  135       16787    4.538245e+00     6.661e-16     1.000e+00     3.145e-01     2.616e+01  
  136       16908    4.532461e+00     8.882e-16     1.000e+00     2.697e-01     3.093e+01  
  137       17029    4.526268e+00     8.882e-16     1.000e+00     2.499e-01     1.698e+01  
  138       17150    4.518552e+00     8.882e-16     1.000e+00     3.243e-01     3.893e+01  
  139       17271    4.511065e+00     1.110e-15     1.000e+00     2.271e-01     5.384e+01  
  140       17392    4.502669e+00     1.124e-15     1.000e+00     2.465e-01     5.203e+01  
  141       17513    4.494693e+00     1.096e-15     1.000e+00     2.289e-01     6.107e+01  
  142       17634    4.487457e+00     8.882e-16     1.000e+00     2.254e-01     5.741e+01  
  143       17755    4.478853e+00     4.441e-16     1.000e+00     2.874e-01     5.060e+01  
  144       17876    4.465003e+00     6.800e-16     1.000e+00     5.070e-01     4.405e+01  
  145       17997    4.447654e+00     6.523e-16     1.000e+00     6.112e-01     3.994e+01  
  146       18118    4.432944e+00     8.882e-16     1.000e+00     2.093e-01     4.734e+01  
  147       18239    4.415402e+00     8.882e-16     1.000e+00     3.513e-01     4.993e+01  
  148       18360    4.406070e+00     1.110e-15     1.000e+00     2.346e-01     3.630e+01  
  149       18481    4.394005e+00     1.110e-15     1.000e+00     3.754e-01     4.746e+01  
 Iter  Func-count            Fval   Feasibility   Step Length       Norm of   First-order  
                                                                       step    optimality
  150       18602    4.382573e+00     1.318e-15     1.000e+00     3.429e-01     5.294e+01  
  151       18723    4.371231e+00     1.346e-15     1.000e+00     2.496e-01     6.709e+01  
  152       18844    4.358526e+00     1.318e-15     1.000e+00     3.719e-01     4.519e+01  
  153       18965    4.347444e+00     8.743e-16     1.000e+00     3.624e-01     4.974e+01  
  154       19086    4.332892e+00     9.021e-16     1.000e+00     5.468e-01     5.215e+01  
  155       19207    4.319338e+00     6.661e-16     1.000e+00     3.746e-01     6.198e+01  
  156       19328    4.305383e+00     9.021e-16     1.000e+00     3.345e-01     5.885e+01  
  157       19449    4.294348e+00     6.661e-16     1.000e+00     3.056e-01     3.660e+01  
  158       19570    4.282887e+00     6.661e-16     1.000e+00     3.947e-01     2.453e+01  
  159       19691    4.270606e+00     8.882e-16     1.000e+00     5.765e-01     3.835e+01  
  160       19812    4.259134e+00     1.110e-15     1.000e+00     6.011e-01     4.989e+01  
  161       19933    4.242693e+00     1.110e-15     1.000e+00     1.047e+00     4.127e+01  
  162       20054    4.220462e+00     1.110e-15     1.000e+00     1.423e+00     6.671e+01  
  163       20175    4.197961e+00     6.661e-16     1.000e+00     1.504e+00     7.819e+01  
  164       20296    4.178074e+00     1.096e-15     1.000e+00     3.184e-01     7.383e+01  
  165       20417    4.163920e+00     8.882e-16     1.000e+00     3.217e-01     6.265e+01  
  166       20538    4.154117e+00     8.882e-16     1.000e+00     2.321e-01     4.482e+01  
  167       20659    4.148653e+00     6.523e-16     1.000e+00     2.839e-01     3.747e+01  
  168       20780    4.140590e+00     8.743e-16     1.000e+00     2.654e-01     2.859e+01  
  169       20901    4.130441e+00     8.882e-16     1.000e+00     3.552e-01     2.869e+01  
  170       21022    4.117585e+00     8.882e-16     1.000e+00     6.277e-01     3.466e+01  
  171       21143    4.104732e+00     9.021e-16     1.000e+00     7.071e-01     3.166e+01  
  172       21264    4.091205e+00     8.882e-16     1.000e+00     6.868e-01     6.571e+01  
  173       21385    4.072340e+00     6.661e-16     1.000e+00     5.162e-01     5.425e+01  
  174       21506    4.053621e+00     1.124e-15     1.000e+00     5.405e-01     3.518e+01  
  175       21627    4.040813e+00     1.110e-15     1.000e+00     4.101e-01     2.822e+01  
  176       21748    4.032260e+00     1.332e-15     1.000e+00     2.245e-01     2.190e+01  
  177       21869    4.024690e+00     1.110e-15     1.000e+00     7.517e-01     3.722e+01  
  178       21990    4.013116e+00     4.580e-16     1.000e+00     4.047e-01     5.136e+01  
  179       22111    4.002377e+00     8.882e-16     1.000e+00     3.190e-01     2.744e+01  
 Iter  Func-count            Fval   Feasibility   Step Length       Norm of   First-order  
                                                                       step    optimality
  180       22232    3.993935e+00     6.661e-16     1.000e+00     4.262e-01     3.340e+01  
  181       22353    3.986228e+00     6.661e-16     1.000e+00     3.230e-01     1.562e+01  
  182       22474    3.979108e+00     8.882e-16     1.000e+00     2.454e-01     2.045e+01  
  183       22595    3.975018e+00     8.882e-16     1.000e+00     2.346e-01     4.514e+01  
  184       22716    3.972380e+00     8.882e-16     1.000e+00     1.264e-01     2.241e+01  
  185       22837    3.968951e+00     8.743e-16     1.000e+00     1.390e-01     1.434e+01  
  186       22958    3.965162e+00     8.882e-16     1.000e+00     2.683e-01     2.188e+01  
  187       23079    3.962061e+00     6.661e-16     1.000e+00     2.199e-01     2.154e+01  
  188       23200    3.957732e+00     6.800e-16     1.000e+00     2.854e-01     2.547e+01  
  189       23321    3.952710e+00     4.441e-16     1.000e+00     3.830e-01     1.704e+01  
  190       23442    3.948957e+00     6.661e-16     1.000e+00     3.231e-01     3.201e+01  
  191       23563    3.946027e+00     8.882e-16     1.000e+00     1.351e-01     2.517e+01  
  192       23684    3.942663e+00     8.882e-16     1.000e+00     1.509e-01     1.451e+01  
  193       23805    3.941138e+00     8.882e-16     1.000e+00     8.664e-02     1.378e+01  
  194       23926    3.939754e+00     1.110e-15     1.000e+00     7.659e-02     1.991e+01  
  195       24047    3.936916e+00     1.096e-15     1.000e+00     1.938e-01     2.783e+01  
  196       24168    3.933497e+00     1.110e-15     1.000e+00     2.231e-01     2.580e+01  
  197       24289    3.929575e+00     8.882e-16     1.000e+00     2.249e-01     2.035e+01  
  198       24410    3.925436e+00     8.882e-16     1.000e+00     1.670e-01     2.161e+01  
  199       24531    3.922757e+00     6.661e-16     1.000e+00     1.001e-01     1.930e+01  
  200       24652    3.920248e+00     8.882e-16     1.000e+00     1.123e-01     1.388e+01  
  201       24773    3.918463e+00     8.882e-16     1.000e+00     9.341e-02     1.596e+01  
  202       24894    3.916921e+00     1.332e-15     1.000e+00     8.953e-02     2.490e+01  
  203       25015    3.915074e+00     8.882e-16     1.000e+00     1.231e-01     2.921e+01  
  204       25136    3.913393e+00     6.661e-16     1.000e+00     1.446e-01     3.000e+01  
  205       25257    3.911946e+00     4.441e-16     1.000e+00     1.388e-01     1.512e+01  
  206       25378    3.910532e+00     1.332e-15     1.000e+00     1.536e-01     7.087e+00  
  207       25499    3.909141e+00     1.110e-15     1.000e+00     1.228e-01     1.114e+01  
  208       25620    3.907863e+00     6.661e-16     1.000e+00     9.079e-02     1.018e+01  
  209       25741    3.907113e+00     6.661e-16     1.000e+00     7.492e-02     8.695e+00  
 Iter  Func-count            Fval   Feasibility   Step Length       Norm of   First-order  
                                                                       step    optimality
  210       25862    3.906694e+00     8.882e-16     1.000e+00     3.472e-02     1.320e+01  
  211       25983    3.906285e+00     1.110e-15     1.000e+00     3.962e-02     1.747e+01  
  212       26104    3.905884e+00     8.882e-16     1.000e+00     4.339e-02     1.739e+01  
  213       26225    3.905415e+00     6.800e-16     1.000e+00     5.205e-02     1.452e+01  
  214       26346    3.904753e+00     8.882e-16     1.000e+00     8.310e-02     7.510e+00  
  215       26467    3.903918e+00     8.882e-16     1.000e+00     1.074e-01     3.491e+00  
  216       26588    3.903138e+00     6.661e-16     1.000e+00     1.139e-01     4.014e+00  
  217       26709    3.902640e+00     6.661e-16     1.000e+00     6.178e-02     5.389e+00  
  218       26830    3.902211e+00     6.661e-16     1.000e+00     7.917e-02     7.343e+00  
  219       26951    3.901811e+00     6.661e-16     1.000e+00     7.365e-02     9.291e+00  
  220       27072    3.901041e+00     1.332e-15     1.000e+00     1.424e-01     6.560e+00  
  221       27193    3.899966e+00     1.110e-15     1.000e+00     2.049e-01     5.022e+00  
  222       27314    3.898396e+00     1.332e-15     1.000e+00     2.647e-01     1.001e+01  
  223       27435    3.897258e+00     4.441e-16     1.000e+00     5.859e-02     1.011e+01  
  224       27556    3.896288e+00     4.441e-16     1.000e+00     7.538e-02     5.649e+00  
  225       27677    3.895962e+00     6.661e-16     1.000e+00     3.030e-02     6.931e+00  
  226       27798    3.895507e+00     6.523e-16     1.000e+00     4.982e-02     9.684e+00  
  227       27919    3.895144e+00     6.661e-16     1.000e+00     5.035e-02     1.121e+01  
  228       28040    3.894494e+00     6.523e-16     1.000e+00     9.796e-02     1.114e+01  
  229       28161    3.893631e+00     6.661e-16     1.000e+00     1.178e-01     1.182e+01  
  230       28282    3.892901e+00     8.882e-16     1.000e+00     5.731e-02     9.318e+00  
  231       28403    3.892078e+00     1.110e-15     1.000e+00     7.807e-02     6.742e+00  
  232       28524    3.891760e+00     6.661e-16     1.000e+00     4.489e-02     6.325e+00  
  233       28645    3.891485e+00     8.882e-16     1.000e+00     4.496e-02     5.706e+00  
  234       28766    3.891293e+00     4.441e-16     1.000e+00     5.214e-02     4.618e+00  
  235       28887    3.891100e+00     4.441e-16     1.000e+00     5.471e-02     5.148e+00  
  236       29008    3.890879e+00     6.661e-16     1.000e+00     7.499e-02     4.542e+00  
  237       29129    3.890667e+00     4.441e-16     1.000e+00     7.346e-02     5.974e+00  
  238       29250    3.890480e+00     4.580e-16     1.000e+00     6.338e-02     6.330e+00  
  239       29371    3.890316e+00     4.441e-16     1.000e+00     5.199e-02     5.039e+00  
 Iter  Func-count            Fval   Feasibility   Step Length       Norm of   First-order  
                                                                       step    optimality
  240       29492    3.890170e+00     1.110e-15     1.000e+00     3.856e-02     3.615e+00  
  241       29613    3.890015e+00     1.110e-15     1.000e+00     3.720e-02     3.715e+00  
  242       29734    3.889836e+00     1.110e-15     1.000e+00     4.452e-02     6.036e+00  
  243       29855    3.889629e+00     1.124e-15     1.000e+00     6.167e-02     7.217e+00  
  244       29976    3.889385e+00     1.110e-15     1.000e+00     7.665e-02     8.495e+00  
  245       30097    3.889072e+00     1.110e-15     1.000e+00     1.070e-01     5.925e+00  
  246       30218    3.888664e+00     1.124e-15     1.000e+00     1.451e-01     6.889e+00  
  247       30339    3.888197e+00     1.110e-15     1.000e+00     1.300e-01     6.225e+00  
  248       30460    3.887724e+00     1.110e-15     1.000e+00     1.004e-01     5.747e+00  
  249       30581    3.887364e+00     8.882e-16     1.000e+00     1.009e-01     8.775e+00  
  250       30702    3.886894e+00     1.110e-15     1.000e+00     1.374e-01     1.138e+01  
  251       30823    3.886218e+00     1.110e-15     1.000e+00     2.764e-01     1.643e+01  
  252       30944    3.885166e+00     1.110e-15     1.000e+00     3.381e-01     1.812e+01  
  253       31065    3.883915e+00     1.124e-15     1.000e+00     3.273e-01     1.922e+01  
  254       31186    3.882652e+00     8.882e-16     1.000e+00     3.149e-01     1.182e+01  
  255       31307    3.882049e+00     8.882e-16     1.000e+00     7.377e-02     7.187e+00  
  256       31428    3.881577e+00     9.021e-16     1.000e+00     3.279e-02     6.638e+00  
  257       31549    3.881045e+00     8.882e-16     1.000e+00     1.866e-01     8.340e+00  
  258       31670    3.880655e+00     1.110e-15     1.000e+00     1.784e-01     4.432e+00  
  259       31791    3.880237e+00     8.743e-16     1.000e+00     2.267e-01     5.723e+00  
  260       31912    3.879622e+00     1.110e-15     1.000e+00     1.749e-01     9.508e+00  
  261       32033    3.878901e+00     8.882e-16     1.000e+00     8.097e-02     1.532e+01  
  262       32154    3.877922e+00     6.939e-16     1.000e+00     1.566e-01     1.743e+01  
  263       32275    3.877234e+00     6.800e-16     1.000e+00     1.257e-01     1.398e+01  
  264       32396    3.876355e+00     6.661e-16     1.000e+00     2.034e-01     9.993e+00  
  265       32517    3.875481e+00     1.110e-15     1.000e+00     2.791e-01     1.256e+01  
  266       32638    3.874592e+00     1.346e-15     1.000e+00     3.243e-01     1.487e+01  
  267       32759    3.873955e+00     8.882e-16     1.000e+00     1.887e-01     5.805e+00  
  268       32880    3.873466e+00     1.110e-15     1.000e+00     1.012e-01     7.788e+00  
  269       33001    3.873029e+00     1.110e-15     1.000e+00     1.076e-01     4.311e+00  
 Iter  Func-count            Fval   Feasibility   Step Length       Norm of   First-order  
                                                                       step    optimality
  270       33122    3.872725e+00     8.882e-16     1.000e+00     1.117e-01     4.213e+00  
  271       33243    3.872521e+00     6.661e-16     1.000e+00     7.064e-02     3.570e+00  
  272       33364    3.872368e+00     1.110e-15     1.000e+00     4.808e-02     3.309e+00  
  273       33485    3.872177e+00     8.882e-16     1.000e+00     6.624e-02     5.052e+00  
  274       33606    3.872055e+00     1.332e-15     1.000e+00     1.051e-01     9.220e+00  
  275       33727    3.871895e+00     8.882e-16     1.000e+00     2.976e-02     5.441e+00  
  276       33848    3.871678e+00     8.882e-16     1.000e+00     1.053e-01     3.160e+00  
  277       33969    3.871384e+00     8.882e-16     1.000e+00     2.270e-01     3.267e+00  
  278       34090    3.871049e+00     8.882e-16     1.000e+00     3.372e-01     8.111e+00  
  279       34211    3.870643e+00     1.332e-15     1.000e+00     3.977e-01     1.096e+01  
  280       34332    3.870272e+00     1.110e-15     1.000e+00     3.612e-01     1.251e+01  
  281       34453    3.870080e+00     6.661e-16     1.000e+00     1.933e-01     1.362e+01  
  282       34574    3.869992e+00     1.096e-15     1.000e+00     4.163e-01     8.723e+00  
  283       34695    3.869789e+00     1.110e-15     1.000e+00     2.210e-01     7.017e+00  
  284       34817    3.869770e+00     8.327e-16     7.000e-01     1.031e-01     1.192e+01  
  285       34938    3.869632e+00     8.882e-16     1.000e+00     4.701e-02     4.724e+00  
  286       35059    3.869487e+00     8.882e-16     1.000e+00     2.572e-01     3.487e+00  
  287       35180    3.869381e+00     8.882e-16     1.000e+00     2.694e-01     6.826e+00  
  288       35301    3.869296e+00     8.882e-16     1.000e+00     8.982e-02     3.933e+00  
  289       35422    3.869214e+00     9.021e-16     1.000e+00     1.628e-01     4.396e+00  
  290       35543    3.869144e+00     1.110e-15     1.000e+00     1.334e-01     4.849e+00  
  291       35664    3.869060e+00     9.021e-16     1.000e+00     1.169e-01     4.399e+00  
  292       35785    3.868959e+00     1.110e-15     1.000e+00     5.161e-01     9.981e+00  
  293       35906    3.868756e+00     1.332e-15     1.000e+00     5.596e-02     1.537e+01  
  294       36027    3.868502e+00     1.110e-15     1.000e+00     2.158e-01     8.264e+00  
  295       36148    3.868333e+00     8.743e-16     1.000e+00     7.687e-01     3.765e+01  
  296       36269    3.868028e+00     8.882e-16     1.000e+00     3.334e-01     8.821e+00  
  297       36390    3.867852e+00     9.159e-16     1.000e+00     1.446e-01     5.182e+00  
  298       36511    3.867781e+00     8.743e-16     1.000e+00     6.101e-01     4.113e+01  
  299       36632    3.867494e+00     8.882e-16     1.000e+00     3.011e-01     1.503e+01  
 Iter  Func-count            Fval   Feasibility   Step Length       Norm of   First-order  
                                                                       step    optimality
  300       36753    3.867327e+00     8.882e-16     1.000e+00     1.182e-01     3.882e+00  
  301       36874    3.867044e+00     6.800e-16     1.000e+00     3.770e-01     1.388e+01  
  302       36995    3.866959e+00     1.096e-15     1.000e+00     8.647e-02     5.059e+00  
  303       37116    3.866891e+00     1.110e-15     1.000e+00     6.970e-02     2.987e+00  
  304       37237    3.866841e+00     1.318e-15     1.000e+00     5.334e-02     4.146e+00  
  305       37358    3.866757e+00     1.110e-15     1.000e+00     1.712e-01     6.666e+00  
  306       37479    3.866586e+00     1.110e-15     1.000e+00     5.135e-02     1.188e+01  
  307       37600    3.866310e+00     8.882e-16     1.000e+00     8.232e-02     1.177e+01  
  308       37721    3.865803e+00     1.124e-15     1.000e+00     2.111e-01     1.093e+01  
  309       37842    3.865542e+00     8.743e-16     1.000e+00     1.018e-01     8.473e+00  
  310       37963    3.865195e+00     8.882e-16     1.000e+00     1.644e-01     8.134e+00  
  311       38084    3.864871e+00     1.110e-15     1.000e+00     1.360e-01     1.072e+01  
  312       38205    3.864513e+00     1.110e-15     1.000e+00     1.405e-01     1.355e+01  
  313       38326    3.864137e+00     1.110e-15     1.000e+00     1.164e-01     1.264e+01  
  314       38447    3.863786e+00     8.743e-16     1.000e+00     1.639e-01     1.504e+01  
  315       38568    3.863328e+00     6.800e-16     1.000e+00     9.011e-02     7.575e+00  
  316       38689    3.862933e+00     6.661e-16     1.000e+00     1.665e-01     1.726e+01  
  317       38810    3.862458e+00     6.661e-16     1.000e+00     1.355e-01     9.024e+00  
  318       38931    3.862159e+00     1.096e-15     1.000e+00     1.289e-01     7.643e+00  
  319       39052    3.861906e+00     1.332e-15     1.000e+00     6.967e-02     3.464e+00  
  320       39173    3.861762e+00     1.332e-15     1.000e+00     1.196e-01     4.031e+00  
  321       39294    3.861631e+00     1.124e-15     1.000e+00     9.114e-02     7.251e+00  
  322       39415    3.861564e+00     6.661e-16     1.000e+00     8.218e-02     1.255e+00  
  323       39536    3.861472e+00     9.021e-16     1.000e+00     2.132e-02     1.634e+00  
  324       39657    3.861434e+00     8.882e-16     1.000e+00     1.104e-02     1.284e+00  
  325       39778    3.861407e+00     6.661e-16     1.000e+00     2.872e-02     2.713e+00  
  326       39899    3.861391e+00     8.882e-16     1.000e+00     3.225e-02     1.073e+00  
  327       40020    3.861375e+00     1.096e-15     1.000e+00     2.123e-02     1.422e+00  
  328       40141    3.861363e+00     8.882e-16     1.000e+00     3.394e-02     1.441e+00  
  329       40262    3.861340e+00     6.800e-16     1.000e+00     1.736e-02     1.344e+00  
 Iter  Func-count            Fval   Feasibility   Step Length       Norm of   First-order  
                                                                       step    optimality
  330       40383    3.861309e+00     8.882e-16     1.000e+00     2.502e-02     1.347e+00  
  331       40504    3.861271e+00     6.661e-16     1.000e+00     2.527e-02     1.397e+00  
  332       40625    3.861233e+00     6.523e-16     1.000e+00     1.770e-02     1.014e+00  
  333       40746    3.861199e+00     6.661e-16     1.000e+00     1.848e-02     8.886e-01  
  334       40867    3.861177e+00     6.661e-16     1.000e+00     1.347e-02     1.381e+00  
  335       40988    3.861152e+00     9.021e-16     1.000e+00     1.472e-02     2.041e+00  
  336       41109    3.861133e+00     9.021e-16     1.000e+00     1.263e-02     2.330e+00  
  337       41230    3.861115e+00     8.882e-16     1.000e+00     1.302e-02     2.602e+00  
  338       41351    3.861097e+00     8.882e-16     1.000e+00     1.298e-02     2.614e+00  
  339       41472    3.861069e+00     8.882e-16     1.000e+00     1.773e-02     2.633e+00  
  340       41593    3.861029e+00     1.110e-15     1.000e+00     2.597e-02     2.822e+00  
  341       41714    3.860983e+00     1.110e-15     1.000e+00     3.295e-02     2.926e+00  
  342       41835    3.860944e+00     1.110e-15     1.000e+00     4.573e-02     2.809e+00  
  343       41956    3.860923e+00     1.110e-15     1.000e+00     3.060e-02     1.831e+00  
  344       42077    3.860914e+00     1.110e-15     1.000e+00     1.858e-02     1.093e+00  
  345       42198    3.860909e+00     1.110e-15     1.000e+00     1.399e-02     9.702e-01  
  346       42319    3.860907e+00     8.882e-16     1.000e+00     1.070e-02     7.979e-01  
  347       42440    3.860905e+00     8.882e-16     1.000e+00     7.216e-03     5.951e-01  
  348       42561    3.860905e+00     8.882e-16     1.000e+00     6.936e-03     6.744e-01  
  349       42682    3.860905e+00     6.661e-16     1.000e+00     6.330e-03     8.812e-01  
  350       42804    3.860905e+00     8.188e-16     7.000e-01     3.960e-03     7.965e-01  
  351       42925    3.860905e+00     8.882e-16     1.000e+00     6.786e-03     4.821e-01  
  352       43046    3.860904e+00     8.882e-16     1.000e+00     4.954e-03     3.158e-01  
  353       43167    3.860902e+00     9.021e-16     1.000e+00     8.870e-03     3.377e-01  
  354       43288    3.860899e+00     8.743e-16     1.000e+00     1.033e-02     4.518e-01  
  355       43409    3.860893e+00     8.882e-16     1.000e+00     1.372e-02     4.883e-01  
  356       43530    3.860887e+00     8.882e-16     1.000e+00     1.435e-02     3.805e-01  
  357       43651    3.860882e+00     8.882e-16     1.000e+00     1.204e-02     3.658e-01  
  358       43772    3.860879e+00     9.021e-16     1.000e+00     6.501e-03     3.215e-01  
  359       43893    3.860878e+00     6.661e-16     1.000e+00     3.797e-03     3.656e-01  
 Iter  Func-count            Fval   Feasibility   Step Length       Norm of   First-order  
                                                                       step    optimality
  360       44014    3.860878e+00     8.882e-16     1.000e+00     3.129e-03     4.112e-01  
  361       44135    3.860878e+00     8.743e-16     1.000e+00     2.372e-03     4.075e-01  
  362       44256    3.860877e+00     9.159e-16     1.000e+00     1.739e-03     4.210e-01  
  363       44377    3.860877e+00     1.110e-15     1.000e+00     1.745e-03     4.147e-01  
  364       44498    3.860876e+00     8.882e-16     1.000e+00     2.512e-03     3.828e-01  
  365       44619    3.860875e+00     6.661e-16     1.000e+00     4.354e-03     4.692e-01  
  366       44740    3.860874e+00     6.661e-16     1.000e+00     8.025e-03     5.713e-01  
  367       44861    3.860874e+00     8.882e-16     1.000e+00     1.457e-02     6.522e-01  
  368       44982    3.860873e+00     8.743e-16     1.000e+00     2.506e-02     6.876e-01  
  369       45104    3.860872e+00     8.882e-16     7.000e-01     2.859e-02     7.729e-01  
  370       45226    3.860872e+00     8.882e-16     7.000e-01     5.299e-02     9.103e-01  
  371       45348    3.860871e+00     9.021e-16     7.000e-01     6.582e-02     1.010e+00  
  372       45470    3.860869e+00     1.041e-15     7.000e-01     6.875e-02     1.903e+00  
  373       45591    3.860866e+00     8.882e-16     1.000e+00     7.445e-02     2.078e+00  
  374       45712    3.860860e+00     1.110e-15     1.000e+00     1.869e-02     7.829e-01  
  375       45752    3.860860e+00     1.110e-15     6.367e-07     4.613e-08     2.696e-01  

<a href = "matlab: helpview('optim','local_min_poss_with_constr','CSHelpWindow');">Local minimum possible. Constraints satisfied</a>.

fmincon stopped because the <a href = "matlab: helpview('optim','norm_curr_step_simple_fminconip','CSHelpWindow');">size of the current step</a> is less than
the value of the <a href = "matlab: helpview('optim','step_size_tol','CSHelpWindow');">step size tolerance</a> and constraints are 
satisfied to within the value of the <a href = "matlab: helpview('optim','constraint_tolerance','CSHelpWindow');">constraint tolerance</a>.

<<a href = "matlab: createExitMsg({'optimlib:sqpLineSearch:Exit2basic','fmincon'},{'optimlib:sqpLineSearch:Exit2detailed','1.000000e-08','1.110223e-15','1.000000e-06'},true,true);;">stopping criteria details</a>>
Neural Control Personalization Runtime: 0.012290 Hours
